1 0.198750 0.102704 0.391250 0.170161
1 0.497188 0.060164 0.323125 0.119720
1 0.798438 0.088727 0.373125 0.164084
1 0.511875 0.254026 0.227500 0.097843
1 0.193750 0.355211 0.265000 0.108174
1 0.815625 0.450775 0.368750 0.138864
1 0.371875 0.603616 0.482500 0.226983
1 0.881563 0.658918 0.236875 0.129748
1 0.624687 0.725311 0.153125 0.063810
1 0.088438 0.812215 0.109375 0.052871
1 0.271875 0.884534 0.101250 0.042540
1 0.410313 0.805378 0.138125 0.053783
1 0.577500 0.842145 0.142500 0.062291
1 0.789687 0.903981 0.308125 0.126405
1 0.922813 0.784564 0.135625 0.063203
1 0.016563 0.697053 0.031875 0.012154
1 0.009062 0.718019 0.016875 0.012154
