0 0.070681 0.533946 0.068063 0.128713
18 0.200262 0.468883 0.086387 0.145686
18 0.297557 0.466054 0.064572 0.114569
18 0.375654 0.494342 0.063700 0.111740
18 0.440663 0.510608 0.078534 0.121641
18 0.512216 0.509901 0.073298 0.125884
18 0.562827 0.562942 0.061082 0.096181
18 0.636998 0.517680 0.078534 0.087694
18 0.689354 0.572136 0.057592 0.120226
18 0.768761 0.518388 0.061082 0.100424
18 0.841187 0.522631 0.082024 0.137199
18 0.095113 0.671146 0.066318 0.120226
18 0.145288 0.587694 0.081152 0.108911
18 0.247818 0.581330 0.082024 0.107496
18 0.330716 0.589109 0.061082 0.103253
18 0.399215 0.611033 0.068935 0.141443
18 0.472513 0.615983 0.091623 0.114569
18 0.619983 0.613154 0.065445 0.111740
18 0.732984 0.619519 0.062827 0.115983
18 0.794503 0.632956 0.056719 0.120226
18 0.851658 0.683876 0.080279 0.108911
18 0.900524 0.586987 0.050611 0.101839
18 0.952007 0.635078 0.095986 0.147100
18 0.182373 0.666902 0.095986 0.142857
18 0.263962 0.691655 0.070681 0.099010
18 0.349913 0.734088 0.071553 0.124470
2 0.432373 0.717115 0.074171 0.096181
18 0.517888 0.722065 0.077661 0.145686
18 0.585515 0.713579 0.083770 0.131542
18 0.716841 0.708628 0.086387 0.093352
18 0.046684 0.827440 0.081152 0.118812
18 0.142670 0.800566 0.074171 0.124470
18 0.209860 0.793494 0.074171 0.141443
18 0.300611 0.810467 0.060209 0.132956
18 0.818499 0.787129 0.122164 0.125884
