3 0.062744 0.375868 0.124512 0.210069
18 0.267334 0.358941 0.124512 0.210938
18 0.152100 0.201823 0.303223 0.401910
18 0.511475 0.200087 0.347168 0.398438
18 0.361816 0.304253 0.123047 0.275174
18 0.657471 0.263889 0.237793 0.371528
18 0.921875 0.350260 0.156250 0.275174
18 0.057373 0.631510 0.113770 0.252604
18 0.173828 0.639757 0.151367 0.250000
18 0.294434 0.637153 0.114258 0.244792
18 0.420654 0.611111 0.146973 0.293403
18 0.561523 0.594618 0.167969 0.321181
18 0.691162 0.597222 0.149902 0.302083
18 0.821289 0.621528 0.136719 0.215278
18 0.941406 0.620660 0.117188 0.230903
18 0.828369 0.184028 0.343262 0.366319
