8 0.077661 0.620112 0.153578 0.212291
18 0.178447 0.402933 0.114311 0.194134
18 0.279668 0.359637 0.135253 0.224860
18 0.423647 0.363827 0.150960 0.177374
18 0.554538 0.398743 0.128272 0.194134
18 0.692408 0.342877 0.123037 0.191341
18 0.830279 0.402933 0.133508 0.177374
0 0.200262 0.620112 0.110820 0.198324
18 0.308901 0.619413 0.122164 0.191341
18 0.414921 0.618715 0.114311 0.173184
18 0.532723 0.622207 0.121291 0.202514
15 0.648778 0.631983 0.131763 0.194134
18 0.774869 0.606145 0.115183 0.217877
18 0.896597 0.613827 0.126527 0.199721
