18 0.495014 0.094770 0.136752 0.057483
18 0.446937 0.264241 0.183048 0.080528
18 0.612179 0.291559 0.181624 0.065251
18 0.287393 0.403677 0.240028 0.087002
18 0.095798 0.436561 0.143162 0.049197
18 0.412393 0.472035 0.286325 0.060073
18 0.699786 0.463231 0.322650 0.110823
18 0.887108 0.505438 0.165954 0.061108
18 0.217236 0.535992 0.103989 0.043501
18 0.493234 0.573278 0.299858 0.089073
18 0.185541 0.671414 0.282764 0.094770
18 0.728276 0.672838 0.422365 0.108493
18 0.432692 0.777188 0.257123 0.104350
18 0.109687 0.850854 0.136752 0.051787
18 0.869658 0.909373 0.131054 0.042983
