18 0.093490 0.245370 0.099479 0.185185
18 0.081510 0.075000 0.161979 0.148148
18 0.119792 0.766667 0.231250 0.420370
18 0.232031 0.380093 0.093229 0.136111
18 0.353385 0.336111 0.068229 0.122222
18 0.279167 0.233333 0.078125 0.125926
18 0.669531 0.818519 0.246354 0.344444
18 0.512240 0.163426 0.060937 0.119444
18 0.511979 0.321759 0.057292 0.104630
18 0.631250 0.259259 0.081250 0.138889
18 0.750521 0.386111 0.078125 0.133333
18 0.807552 0.215741 0.069271 0.116667
18 0.942448 0.407407 0.103646 0.185185
