18 0.105263 0.149160 0.063910 0.113445
18 0.201128 0.151261 0.060150 0.138655
18 0.081297 0.327731 0.068609 0.138655
11 0.158835 0.383403 0.054511 0.136555
18 0.085056 0.641807 0.061090 0.128151
18 0.188440 0.615546 0.061090 0.113445
18 0.843045 0.394958 0.054511 0.121849
18 0.829417 0.176471 0.062970 0.113445
18 0.907425 0.162815 0.062970 0.128151
18 0.919643 0.353992 0.081767 0.123950
18 0.915414 0.649160 0.065789 0.151261
18 0.814850 0.647059 0.052632 0.113445
18 0.218985 0.371849 0.046992 0.121849
