18 0.206370 0.108240 0.070681 0.104749
18 0.308028 0.096369 0.082024 0.128492
11 0.451134 0.099860 0.064572 0.124302
18 0.556719 0.107542 0.080279 0.111732
18 0.690227 0.112430 0.104712 0.110335
18 0.814136 0.108939 0.082024 0.122905
18 0.189791 0.300978 0.067190 0.132682
18 0.284904 0.284916 0.082897 0.114525
18 0.380890 0.326816 0.074171 0.100559
18 0.462914 0.257682 0.054974 0.110335
18 0.592496 0.319832 0.066318 0.103352
18 0.681937 0.282123 0.088133 0.136872
18 0.797993 0.307263 0.070681 0.103352
