18 0.215487 0.095640 0.055752 0.098453
18 0.297345 0.085091 0.086726 0.085795
18 0.377434 0.084388 0.062832 0.092827
18 0.461504 0.097046 0.075221 0.084388
18 0.539381 0.069620 0.078761 0.133615
18 0.623451 0.091421 0.089381 0.120956
18 0.704867 0.078059 0.082301 0.097046
18 0.803097 0.094233 0.105310 0.106892
18 0.174779 0.206751 0.069912 0.104079
18 0.263717 0.195499 0.069027 0.101266
18 0.353540 0.212377 0.062832 0.104079
18 0.429204 0.222222 0.074336 0.095640
18 0.504867 0.203938 0.059292 0.087201
18 0.572566 0.204641 0.060177 0.116737
18 0.657965 0.217300 0.052212 0.091421
18 0.734513 0.195499 0.063717 0.098453
18 0.822124 0.214487 0.084956 0.105485
18 0.127434 0.293952 0.056637 0.087201
18 0.202655 0.313643 0.054867 0.092827
18 0.277434 0.311533 0.069912 0.091421
18 0.350885 0.336850 0.055752 0.094233
18 0.424336 0.350914 0.064602 0.091421
18 0.495133 0.338256 0.061062 0.099859
18 0.571681 0.331927 0.047788 0.087201
18 0.649558 0.336850 0.061947 0.082982
18 0.724779 0.317862 0.065487 0.112518
18 0.800885 0.322082 0.070796 0.098453
18 0.877434 0.313643 0.069912 0.098453
18 0.095575 0.447961 0.061947 0.094233
18 0.169469 0.476793 0.059292 0.095640
18 0.238496 0.480309 0.069912 0.097046
18 0.313717 0.481716 0.064602 0.088608
18 0.395133 0.469058 0.071681 0.136428
18 0.487611 0.488045 0.092035 0.106892
18 0.582301 0.491561 0.077876 0.094233
18 0.655752 0.497890 0.063717 0.095640
18 0.732743 0.449367 0.081416 0.125176
18 0.817699 0.471871 0.079646 0.105485
10 0.900000 0.462729 0.061947 0.092827
