18 0.072222 0.151562 0.098148 0.056250
18 0.185648 0.085938 0.108333 0.057292
18 0.323148 0.034375 0.096296 0.045833
18 0.293519 0.134635 0.107407 0.058854
18 0.176389 0.239063 0.126852 0.057292
18 0.170833 0.315365 0.132407 0.069271
18 0.457407 0.082552 0.114815 0.048438
18 0.400463 0.173958 0.167593 0.068750
8 0.412500 0.251563 0.171296 0.075000
18 0.209259 0.405729 0.148148 0.079167
18 0.413889 0.374479 0.172222 0.092708
15 0.614352 0.293229 0.169444 0.083333
18 0.622222 0.132812 0.107407 0.056250
0 0.809722 0.343750 0.193519 0.095833
18 0.788889 0.242448 0.111111 0.058854
18 0.801852 0.164583 0.103704 0.054167
18 0.787037 0.072656 0.125926 0.053646
