18 0.157422 0.095271 0.064844 0.101530
18 0.242578 0.166203 0.060156 0.095967
0 0.422656 0.082754 0.084375 0.123783
15 0.489453 0.376217 0.071094 0.093185
8 0.642188 0.349791 0.100000 0.123783
18 0.807813 0.251043 0.029687 0.040334
18 0.667188 0.607093 0.035937 0.057024
18 0.703906 0.622392 0.034375 0.057024
18 0.767188 0.573018 0.042188 0.069541
18 0.862500 0.430459 0.068750 0.134910
18 0.949609 0.329624 0.049219 0.100139
18 0.985547 0.296940 0.028906 0.090403
18 0.874219 0.105702 0.046875 0.086231
18 0.922656 0.054242 0.040625 0.105702
18 0.977734 0.040334 0.044531 0.077886
18 0.789844 0.674548 0.039062 0.072323
