18 0.054688 0.417130 0.054977 0.089815
18 0.091435 0.251852 0.059028 0.088889
18 0.173900 0.125000 0.052662 0.070370
18 0.212384 0.271759 0.057870 0.091667
18 0.203704 0.504630 0.067130 0.087037
18 0.322627 0.359259 0.064236 0.107407
8 0.342303 0.169444 0.076968 0.101852
0 0.468461 0.166204 0.074653 0.115741
15 0.557002 0.186574 0.070023 0.095370
18 0.443576 0.429167 0.073495 0.115741
18 0.605903 0.343056 0.069444 0.093519
18 0.682292 0.268056 0.071759 0.091667
18 0.647280 0.085648 0.063079 0.093519
18 0.751447 0.059259 0.056134 0.083333
18 0.857639 0.094907 0.048611 0.076852
18 0.807581 0.228241 0.050347 0.075000
18 0.792535 0.416667 0.065394 0.103704
